【Base表】基本工资A类：有职位、无法院扣留
E01: [3, 5, 6, 7, 8, 10, 11, 12, 13, 14, 15, 16, 17, 18, 20, 21, 22, 23, 24, 25, 26, 27, 29]
【Base表】基本工资B类：无职位、无法院扣留
E02: [3, 6, 7, 8, 10, 11, 12, 13, 14, 15, 16, 17, 18, 20, 21, 22, 23, 24, 25, 26, 27, 29]
【Base表】基本工资C类：无职位、有法院扣留
E03: [3, 6, 7, 8, 10, 11, 12, 13, 14, 15, 16, 17, 18, 20, 21, 22, 23, 24, 25, 26, 27, 28, 29]
【Pas表】绩效网点A类：无实习生业务量绩效
W01: [7, 11, 12, 16, 17, 18, 19, 20, 21, 22, 23, 24, 25, 26, 28, 29, 30, 31, 32, 33, 34]
【Pas表】绩效网点B类：有实习生业务量绩效
W02: [7, 11, 12, 16, 17, 18, 19, 20, 21, 22, 23, 24, 25, 26, 27, 28, 29, 30, 31, 32, 33, 34]
【Pas表】绩效部室A类：
B01: [7, 13, 14, 15, 16, 17, 21, 26, 28, 29, 30, 31, 32, 33, 34]
【Pas表】绩效特殊A类：网点+部室3K绩效
T01: [7, 11, 12, 13, 16, 17, 18, 19, 20, 21, 22, 23, 24, 25, 26, 28, 29, 30, 31, 32, 33, 34]
【Pas表】绩效领导A类：
L01: [7, 11, 29, 30, 31, 32, 33, 34]
【Dt表】其他薪资A类：大堂经理
Q01: [4, 6, 7, 8, 9, 12, 17, 20, 23, 25, 27]
【测试】测试类
TEST: [3, 4, 5, 6, 7, 8, 9, 28, 31, 26]